Value1,Value2
aaaaaaaaaaaaaaaaaaaaaaaaaaa bbbbbbbbbbbbbbbbbbbbbbbb cccccccccccccccccccccccccccc,sss
